# lam [micron] flux [mujy] flux_err [mujy]
0.550777303 0.000000000 3995622005162.579589844
0.550777310 0.000000000 3995622005162.579589844
0.550777315 0.000000000 3995622005162.579589844
0.554220137 0.000000000 3995622005162.579589844
0.557734951 0.000000000 3995622005162.579589844
0.561304115 0.000000000 3995622005162.579589844
0.564932203 0.000000000 3995622005162.579589844
0.568653944 0.000000000 3995622005162.579589844
0.572438673 0.000000000 3995622005162.579589844
0.576290072 0.000000000 3995622005162.579589844
0.580211828 0.000000000 3995622005162.579589844
0.584226006 0.000000000 3995622005162.579589844
0.588321526 0.000000000 3995622005162.579589844
0.592496061 0.000000000 3995622005162.579589844
0.596753301 0.000000000 3995622005162.579589844
0.601096932 -62.677162362 21.012783137
0.605530639 -51.761570154 13.213086448
0.610058097 -14.175544685 12.839732332
0.614689325 -8.064648381 12.127004466
0.619421308 7.212015410 10.422225988
0.624255546 4.612755813 9.947521721
0.629195663 -15.343302375 9.390970733
0.634245260 -22.978372644 9.476012752
0.639407920 -17.220724487 8.613663626
0.644687197 4.267480930 8.271654365
0.650089268 16.752451573 7.826563650
0.655623306 4.058048804 7.378781085
0.661286835 18.415474203 7.084159501
0.667083262 -17.475567656 7.060289256
0.673015956 1.558929884 7.249932664
0.679088238 1.751143675 6.655900743
0.685310101 10.823255381 5.659649534
0.691697586 -6.026625838 5.238108216
0.698236557 -1.568787483 4.997564179
0.704930094 -2.478455561 5.226112959
0.711814809 5.150938128 5.042415436
0.718862708 6.287841225 4.725272928
0.726095974 -0.943582918 4.445823121
0.733519214 -10.051694379 4.495498691
0.741135218 -18.323986046 3.981035987
0.748953536 1.584598559 4.148015028
0.756984611 4.604968745 4.039542282
0.765220558 3.485539701 4.038857432
0.773692724 11.730783804 4.026966861
0.782391934 -0.232631506 4.089352105
0.791324665 -4.078903154 3.914963582
0.800501065 7.064443903 4.150446764
0.809931040 -7.475191448 3.940782093
0.819627195 0.900077787 3.703007822
0.829590144 -1.186277798 3.994981507
0.839827822 8.917387637 3.771826418
0.850352633 -2.430576422 3.943121929
0.861170962 -6.998580869 4.009607481
0.872286882 -20.135036881 3.907120576
0.883705390 -10.820122014 3.951445210
0.895436265 -4.566509685 3.848918748
0.907494437 6.842089137 3.847402409
0.919867940 -3.273656262 4.009053688
0.932585487 4.435273480 3.690682527
0.945630405 14.333147200 3.743336434
0.959020513 1.578310249 3.843099524
0.972756509 1.371629109 4.049582880
0.986837263 4.897313624 3.852327812
1.001266338 -7.652347339 4.093169922
1.016045363 -7.572546376 3.730159272
1.031174108 -11.452658146 3.597777123
1.046650559 -12.263541263 3.422716137
1.062471013 -3.703070953 3.476969891
1.078630179 10.448398112 3.394841080
1.095122389 -12.951174225 2.951855658
1.111947424 -0.772698955 3.304085320
1.129087447 6.616242597 3.440938571
1.146539498 0.700364212 3.346526817
1.164288392 -4.955062348 3.292596709
1.182327035 -2.742539405 2.636249866
1.200637014 6.144460327 2.618296738
1.219208510 -2.526580031 2.693751662
1.238026240 -2.347461092 2.770317369
1.257072941 -0.017798099 2.682742525
1.276333136 1.830336904 2.780368356
1.295790677 -4.210294389 2.782225122
1.315428972 7.177800898 3.031301809
1.335231192 14.643230243 3.204605520
1.355180457 27.015079233 2.948124546
1.375259996 19.476162808 2.945571743
1.395453288 27.865689221 3.061098361
1.415744184 28.257679319 3.081257073
1.436117008 10.116596066 3.278310362
1.456556635 2.027668288 3.517298104
1.477048560 6.401789572 3.681487002
1.497578944 11.492543244 3.543881376
1.518134654 24.956487228 3.602490359
1.538703281 29.905390725 3.736902284
1.559273157 15.060634494 4.165203395
1.579833356 8.681986765 5.114599144
1.600373526 14.683187661 5.529176093
1.622169727 10.093721130 4.957713843
1.642639551 5.318567257 5.048384096
1.663062725 0.795857580 4.607575489
1.683431914 27.372196740 4.814169924
1.703740375 19.847967423 4.472951396
1.723982000 24.045427474 4.504772930
1.744151362 13.695744801 4.496274242
1.764243506 13.620205169 5.089272095
1.784253996 12.008474339 5.417803324
1.804178877 4.168931311 5.738304152
1.824014648 13.018993116 6.390739680
1.843758233 20.294920897 5.594829757
1.863406789 18.700435971 5.025979445
1.882958024 3.400032192 5.023133363
1.902410023 9.299431432 6.250842565
1.921761124 3.370465788 7.907963660
1.923408870 1.743609131 8.304036085
1.923408891 5.045915201 8.774413893
1.942603675 6.248064409 7.289568435
1.961695470 15.863863597 5.856144235
1.980683174 24.915640783 5.759059810
2.000735448 7.272330522 4.716598832
2.019506514 6.404354762 3.971698618
2.038171013 25.239039236 3.798444053
2.056730184 14.229916310 3.902458884
2.075184153 11.629996637 3.783456474
2.093531051 15.788956473 3.724937793
2.111772709 23.241374873 3.827635268
2.129910112 3.894076069 3.968859729
2.147940740 16.830954358 3.915090643
2.165868163 16.866902969 4.011139003
2.183691292 11.389807811 4.246689711
2.201411099 20.236115729 4.163956761
2.219028749 15.152366783 4.400076845
2.236543889 13.734387260 4.622522312
2.253958590 11.208194804 4.628188104
2.271272487 16.483503859 4.268290842
2.288487188 15.235995151 4.151879594
2.305603640 14.160126379 4.369899111
2.322621624 15.336566555 4.337866209
2.339544187 13.731322618 4.374667885
2.356369542 13.608420482 4.684346971
2.373100634 4.586025102 4.472394007
2.389738806 11.525662156 4.738964726
2.406282472 15.539691192 4.844872283
2.422734829 4.596098065 4.949358997
2.439096935 17.804593144 4.886013205
2.455368791 13.270715704 4.696235944
2.471550999 13.719826015 4.887623041
2.487645732 5.614289235 4.932468305
2.503653880 17.706845446 4.969868126
2.519576339 26.228146673 5.040194669
2.535413062 17.308067186 5.066869042
2.551165573 17.150256100 5.074546230
2.566835245 10.498615089 5.451997458
2.582422982 2.444441630 5.366884715
2.597929687 17.027958900 5.450563828
2.613356265 5.899475157 5.381167466
2.628703615 20.009935155 4.999517239
2.643972638 23.128044249 4.941128416
2.659164229 26.591019474 5.166837507
2.674279279 -3.180055220 5.332062071
2.689318677 12.112540714 5.562537139
2.704283305 25.074590223 5.551365780
2.719174041 25.485547538 5.615364057
2.733991757 17.534032796 5.421993533
2.748737319 13.123463448 5.807374472
2.763411585 12.236756211 5.622531004
2.778015410 2.432046412 5.908096511
2.792549637 -7.385875711 5.940811865
2.807015106 -4.083589220 5.896440882
2.821412648 17.729219331 6.183082010
2.835743085 24.780553598 6.080920748
2.850007232 14.096431769 6.078899762
2.864204876 19.289954836 6.397819522
2.878337455 17.056804494 6.472538053
2.892406045 5.389215847 6.064896306
2.906411429 15.792285625 6.057762922
2.920354383 25.955439478 5.995140337
2.934234719 19.258337879 6.325485978
2.948053218 32.025998779 6.416053943
2.961811475 16.085181100 6.434045030
2.975510235 21.194027747 6.406671823
2.989149153 18.943173604 6.447253358
3.002728862 27.969291305 6.392316352
3.016251170 9.285272146 6.450679604
3.029716618 13.231646512 7.073051672
3.043123740 15.120535261 7.138475187
3.056475491 13.216559443 7.071551715
3.069772479 7.343278385 7.123018923
3.083012787 15.163930512 7.552839170
3.096199687 6.552848058 7.183701233
3.109333083 25.119633269 6.839709744
3.122412164 19.983652353 6.902921283
3.135439731 24.932765220 7.062094877
3.148414255 16.344569689 7.915182950
3.161337508 18.170087073 7.842594086
3.174210145 30.300458650 7.568043710
3.187031306 19.463296106 7.584256346
3.199803930 10.304173738 7.147508889
3.212525174 1.309281423 7.345627012
3.225199034 14.797268264 7.640475147
3.237823076 19.150519215 7.748823630
3.250400257 18.527369999 7.442728618
3.262928894 11.795738633 7.621387262
3.275411450 0.255680651 7.715464581
3.287846426 3.006733528 8.105699402
3.300236365 8.120842010 8.012978196
3.312579388 15.893507516 8.274394163
3.324878674 24.277137590 8.085575851
3.337131416 43.760649946 8.141136174
3.349341279 18.117835525 8.504070907
3.361506068 -5.740211262 8.939476634
3.373628023 5.114757770 8.716203274
3.385706822 5.203685532 8.896834157
3.397742458 10.701684187 8.536933699
3.409736986 -0.647764646 8.439645098
3.421687954 3.676638315 8.235851594
3.433598418 16.253729622 8.325944480
3.445467806 7.735491837 8.239671409
3.457295713 -3.177470452 8.631393400
3.469084198 5.020921387 9.246211345
3.480832062 -6.791755887 9.433688727
3.492540131 6.433343399 9.905020689
3.504209737 12.423907150 9.268941240
3.515839667 28.507219898 9.536208396
3.527430934 7.102424688 10.030106033
3.538984667 -3.830937250 10.271969025
3.550500140 16.133138553 10.570799996
3.561977547 13.973902424 10.412304060
3.574119993 5.051370024 10.248646179
3.585521347 8.010944025 9.933074750
3.596885711 3.906897620 9.410233626
3.608214333 -4.209136857 9.604123581
3.619507190 11.960144494 9.285724451
3.630764042 13.440545222 9.391501351
3.641985316 3.938340768 9.759051827
3.653171957 18.339517428 9.878946459
3.664324069 18.349537250 9.663672334
3.675441438 13.530844681 10.098079955
3.686524228 7.947146328 9.790482588
3.697573437 6.108536489 10.637201640
3.708589331 8.186570392 10.901504843
3.719571836 4.417179705 10.911636542
3.730521133 12.955248561 10.515116209
3.741437284 0.989103441 10.063326833
3.752321139 14.591091771 10.030059285
3.763172934 11.266758236 10.124248482
3.773992904 21.089728028 10.379236292
3.784780829 -1.177747145 10.438956457
3.795537262 0.648428718 10.149860019
3.806262157 8.935353951 10.428658540
3.816956190 4.663602900 10.804489943
3.827619585 24.547679158 11.115907523
3.838252564 31.722837752 11.057099159
3.848855347 5.317941542 10.977496380
3.859427950 11.498602605 11.039665461
3.869970629 28.875294599 11.821519585
3.880483736 11.833770961 11.996299679
3.890967249 7.874553867 11.321901815
3.901421678 0.106186452 11.086438212
3.911847232 19.676106131 11.039925976
3.922244117 16.696160851 11.308240384
3.932612537 -3.843296108 10.711632486
3.942952696 7.982871184 11.119263845
3.953264794 -0.345164204 11.794798863
3.963549031 9.601439323 11.842318796
3.973805604 16.003472628 12.044275112
3.984034710 -4.215968572 11.712495443
3.994236482 30.782116099 11.903091407
4.004411119 19.429577851 11.989164697
4.014558885 8.500787704 12.135131162
4.024679967 14.168428882 12.479103871
4.034774553 20.732888217 12.763915404
4.044842830 -15.995996819 12.300419655
4.054884980 -2.620064800 12.464312079
4.064901188 24.612889308 11.828371677
4.074891633 -3.042833174 11.881376400
4.084856495 2.617368954 11.796982071
4.095402424 4.236429753 11.904775562
4.105315094 40.130407994 12.653207107
4.115202734 10.485661682 13.258625751
4.125065517 -8.738687438 12.881458213
4.134903615 15.774480734 12.592683023
4.144717143 38.351401648 12.736387566
4.154506111 20.361863148 12.784168413
4.164270870 22.920766963 12.397545635
4.174011586 8.974326449 13.642374079
4.183728425 13.673022098 14.120406699
4.193421551 13.250284490 15.544716486
4.203091124 12.115594168 14.731345695
4.212737307 37.587916597 14.189122208
4.222360259 23.796423108 13.288835450
4.231960137 22.071347270 13.107150922
4.241537099 20.753836464 14.187320981
4.251091300 -14.158774260 13.447114424
4.260622895 -7.832883126 13.344513244
4.270132036 5.174501909 13.784938671
4.279618710 4.917244585 14.599856567
4.289082732 40.704118181 14.238469338
4.298524726 7.050597475 14.030109638
4.307944841 5.327610148 14.538739533
4.317343224 -1.749219384 14.934521076
4.326720021 -17.290613510 14.441280319
4.336075376 36.936887528 14.860828621
4.345409432 26.684128255 14.107191979
4.354722302 -6.137529521 14.603155752
4.364013318 -9.271587541 14.306374934
4.373283435 -16.084053536 14.466414379
4.382532794 24.638240730 15.280662210
4.391761532 7.450810962 15.121612081
4.400969786 6.696431534 14.584371134
4.410157691 16.380911469 14.526529711
4.419324874 47.965436370 13.775340787
4.428471450 52.498998155 14.608178649
4.437598057 30.659387772 14.522170488
4.446704828 40.158298635 14.898442207
4.455791892 32.628938939 15.186689176
4.464859378 -10.313193056 15.275474294
4.473906411 -17.423725660 17.404429203
4.482933960 26.428550292 18.017006003
4.491942294 6.358733149 15.402474340
4.500931540 10.646039956 15.565335494
4.509901822 8.700828520 16.069626943
4.518852204 -0.732342374 16.642419735
4.527783653 33.457232179 15.860190821
4.536696489 31.045183456 16.969799426
4.545590831 34.372407424 16.350468026
4.554466479 -34.126754185 16.231802447
4.563322836 -8.604852081 17.238827053
4.572161040 41.272109834 16.908842216
4.580981207 1.026019792 18.801717796
4.589783455 -7.568629468 18.723531065
4.598566520 3.032235985 19.046914735
4.607331821 20.311892701 17.456189289
4.616079529 31.783978760 17.829640899
4.624809758 11.917603906 18.376876494
4.633521200 17.776421611 16.920600133
4.642215278 3.120148859 16.098713473
4.650892195 -10.744470905 16.180522235
4.659551854 25.996267143 17.283508895
4.668193192 -34.892372099 19.338571567
4.676817681 -5511.885632615 18.026910751
4.685425429 -17562.259755999 3995622005162.579589844
4.694015714 -67889.945930263 3995622005162.579589844
4.702588642 -53400.497232289 3995622005162.579589844
4.711145132 -7437.919763767 18.048083152
4.719685240 -16.631269152 17.747274747
4.728207456 -10.367154730 18.096888077
4.736713531 31.663561501 17.629258458
4.745203566 -18.986274378 18.314158814
4.753676456 -1.013712877 19.474841456
4.762132942 -12.399742028 18.776180577
4.770573678 -42.236494360 19.727408719
4.778997931 -16.557774480 18.965119557
4.787405638 17.446905461 18.904987444
4.795797879 5.247855136 20.440890558
4.804174123 1.327218569 18.995711238
4.812533847 23.583444069 19.929734631
4.820878381 -13.230145357 20.492823256
4.829207237 -16.949645908 19.765151364
4.837519756 -15.809789246 19.411242741
4.845817357 45.098508856 19.643993317
4.854099430 23.037063936 20.028786100
4.862365509 13.452723478 20.463801055
4.870616936 13.700127998 19.285602005
4.878852825 12.386220044 19.624253346
4.887073212 8.044014989 20.388767270
4.895279208 2.423610455 21.862918046
4.903469499 35.194196191 23.924069646
4.911644930 -3.661401410 21.574095708
4.919806226 -10.882456115 20.703696602
4.928444000 17.842926342 19.954927027
4.936574046 -3.234955066 19.571370090
4.944689925 -31.166813786 20.222584955
4.952790434 43.640191532 20.426429603
4.960876962 43.645198446 22.989942767
4.968949005 -18.821678326 21.810292507
4.977006185 31.061489989 20.981312019
4.985049808 39.875083753 21.299134582
4.993078386 5.720483278 20.588834456
5.001093185 29.596856785 21.244120461
5.009094063 68.882161157 21.302550439
5.017080237 52.604367502 21.398718268
5.025053251 -8.125348273 22.798464170
5.033011536 -5.096769880 23.398581822
5.040956431 -16.506614936 22.285483441
5.048887567 -32.269416467 21.729555770
5.056804539 -19.253833214 20.256728344
5.064708544 16.240090167 20.427802099
5.072598127 -2.334133295 20.784637515
5.080474887 -10.219112939 21.828508548
5.088337666 6.090525424 21.626292915
5.096187186 -21.506402279 22.162077457
5.104023623 -1.644181274 22.676255673
5.111846163 29.936382767 22.716817230
5.119656225 17.839214809 22.692765184
5.127452276 19.031903183 22.933662833
5.135236041 13.878683155 22.802376283
5.143005979 3.406135105 22.441630751
5.150763418 64.199235829 23.037188600
5.158507719 -17.331149895 24.315713722
5.166239085 36.696872912 24.033816996
5.173957940 21.816337084 23.353004161
5.181663480 41.400312562 24.570870548
5.189357013 16.875399260 25.477326546
5.197037040 25.547290686 25.466329795
5.204705318 42.895720447 24.155709039
5.212360196 11.630059368 24.708508138
5.220003432 29.210250788 25.510738336
5.227633374 -6.739721301 25.611089582
5.235251727 -4.763909394 25.990375998
5.242856997 88.366574925 24.467847829
5.250450620 125.185201631 25.303505401
5.258031481 9.130818581 26.568641594
5.266055934 31.022172669 25.779787939
5.273612035 38.805360646 25.480775566
5.281155886 15.036493745 25.838224710
5.288687938 56.697813122 26.619877055
5.296207758 18.770040505 35.668181247
5.303715936 21.552429847 223.216798212
5.311211952 0.000000000 3995622005162.579589844
5.318696430 0.000000000 3995622005162.579589844
5.326168865 0.000000000 3995622005162.579589844
5.333629816 0.000000000 3995622005162.579589844
5.341078892 0.000000000 3995622005162.579589844
5.348516485 0.000000000 3995622005162.579589844
5.355942421 0.000000000 3995622005162.579589844
5.363356827 0.000000000 3995622005162.579589844
5.370759838 0.000000000 3995622005162.579589844
